   3.4574391e-02   9.7887082e+00  -2.5429224e+00
   3.4574391e-02   9.7887082e+00  -2.5429224e+00
   3.4574391e-02   9.7887082e+00  -2.5429224e+00
   3.4574391e-02   9.7887082e+00  -2.5429224e+00
   3.4574391e-02   9.7887082e+00  -2.5429224e+00
   3.4574391e-02   9.7887082e+00  -2.5429224e+00
   3.4574391e-02   9.7887082e+00  -2.5429224e+00
   3.4574391e-02   9.7887082e+00  -2.5429224e+00
   3.4574391e-02   9.7887082e+00  -2.5429224e+00
   3.4574391e-02   9.7887081e+00  -2.5429225e+00
   3.4574391e-02   9.7887081e+00  -2.5429225e+00
   3.4574391e-02   9.7887081e+00  -2.5429225e+00
   3.4574391e-02   9.7887080e+00  -2.5429226e+00
   3.4574391e-02   9.7887080e+00  -2.5429226e+00
   3.4574391e-02   9.7887080e+00  -2.5429226e+00
   3.4574391e-02   9.7887079e+00  -2.5429227e+00
   3.4574391e-02   9.7887078e+00  -2.5429228e+00
   3.4574391e-02   9.7887078e+00  -2.5429228e+00
   3.4574391e-02   9.7887077e+00  -2.5429229e+00
   3.4574391e-02   9.7887076e+00  -2.5429230e+00
   3.4574391e-02   9.7887075e+00  -2.5429231e+00
   3.4574391e-02   9.7887075e+00  -2.5429231e+00
   3.4574391e-02   9.7887074e+00  -2.5429232e+00
   3.4574391e-02   9.7887073e+00  -2.5429233e+00
   3.4574391e-02   9.7887073e+00  -2.5429233e+00
   3.4574391e-02   9.7887072e+00  -2.5429234e+00
   3.4574391e-02   9.7887072e+00  -2.5429234e+00
   3.4574391e-02   9.7887071e+00  -2.5429235e+00
   3.4574391e-02   9.7887071e+00  -2.5429235e+00
   3.4574391e-02   9.7887071e+00  -2.5429235e+00
   3.4574391e-02   9.7887071e+00  -2.5429235e+00
   3.4574391e-02   9.7887066e+00  -2.5429240e+00
   3.4574391e-02   9.7887066e+00  -2.5429240e+00
   3.4574391e-02   9.7887063e+00  -2.5429243e+00
   3.4574391e-02   9.7887060e+00  -2.5429246e+00
   3.4574391e-02   9.7887057e+00  -2.5429249e+00
   3.4574391e-02   9.7887054e+00  -2.5429252e+00
   3.4574391e-02   9.7887054e+00  -2.5429252e+00
   3.4574391e-02   9.7887049e+00  -2.5429257e+00
   3.4574391e-02   9.7887047e+00  -2.5429259e+00
   3.4574391e-02   9.7887044e+00  -2.5429262e+00
   3.4574391e-02   9.7887041e+00  -2.5429265e+00
   3.4574391e-02   9.7887041e+00  -2.5429265e+00
   3.4574391e-02   9.7887033e+00  -2.5429273e+00
   3.4574391e-02   9.7887032e+00  -2.5429274e+00
   3.4574391e-02   9.7887027e+00  -2.5429279e+00
   3.4574391e-02   9.7887021e+00  -2.5429285e+00
   3.4574391e-02   9.7887015e+00  -2.5429291e+00
   3.4574392e-02   9.7886985e+00  -2.5429321e+00
   3.4574392e-02   9.7886985e+00  -2.5429321e+00
   3.4574392e-02   9.7886949e+00  -2.5429357e+00
   3.4574392e-02   9.7886949e+00  -2.5429357e+00
   3.4574392e-02   9.7886949e+00  -2.5429357e+00
   3.4574392e-02   9.7886905e+00  -2.5429401e+00
   3.4574392e-02   9.7886890e+00  -2.5429416e+00
   3.4574393e-02   9.7886858e+00  -2.5429448e+00
   3.4574393e-02   9.7886843e+00  -2.5429463e+00
   3.4574394e-02   9.7886810e+00  -2.5429496e+00
   3.4574394e-02   9.7886777e+00  -2.5429529e+00
   3.4574395e-02   9.7886718e+00  -2.5429587e+00
   3.4574396e-02   9.7886676e+00  -2.5429630e+00
   3.4574398e-02   9.7886585e+00  -2.5429720e+00
   3.4574401e-02   9.7886494e+00  -2.5429811e+00
   3.4574405e-02   9.7886404e+00  -2.5429902e+00
   3.4574409e-02   9.7886313e+00  -2.5429992e+00
   3.4574414e-02   9.7886208e+00  -2.5430097e+00
   3.4574424e-02   9.7886045e+00  -2.5430260e+00
   3.4574437e-02   9.7885857e+00  -2.5430448e+00
   3.4574452e-02   9.7885665e+00  -2.5430640e+00
   3.4574470e-02   9.7885474e+00  -2.5430831e+00
   3.4574490e-02   9.7885283e+00  -2.5431023e+00
   3.4574518e-02   9.7885050e+00  -2.5431256e+00
   3.4574550e-02   9.7884806e+00  -2.5431500e+00
   3.4574606e-02   9.7884426e+00  -2.5431879e+00
   3.4574672e-02   9.7884046e+00  -2.5432259e+00
   3.4574748e-02   9.7883667e+00  -2.5432639e+00
   3.4574831e-02   9.7883287e+00  -2.5433019e+00
   3.4574931e-02   9.7882878e+00  -2.5433427e+00
   3.4575077e-02   9.7882342e+00  -2.5433963e+00
   3.4575243e-02   9.7881800e+00  -2.5434505e+00
   3.4575448e-02   9.7881198e+00  -2.5435107e+00
   3.4575707e-02   9.7880516e+00  -2.5435789e+00
   3.4575995e-02   9.7879834e+00  -2.5436471e+00
   3.4576313e-02   9.7879147e+00  -2.5437158e+00
   3.4576730e-02   9.7878330e+00  -2.5437976e+00
   3.4577292e-02   9.7877333e+00  -2.5438973e+00
   3.4577915e-02   9.7876336e+00  -2.5439969e+00
   3.4578598e-02   9.7875339e+00  -2.5440966e+00
   3.4579343e-02   9.7874342e+00  -2.5441963e+00
   3.4580216e-02   9.7873263e+00  -2.5443042e+00
   3.4581335e-02   9.7871994e+00  -2.5444312e+00
   3.4582601e-02   9.7870674e+00  -2.5445631e+00
   3.4584120e-02   9.7869219e+00  -2.5447086e+00
   3.4585780e-02   9.7867755e+00  -2.5448551e+00
   3.4587701e-02   9.7866186e+00  -2.5450119e+00
   3.4589773e-02   9.7864618e+00  -2.5451688e+00
   3.4592520e-02   9.7862692e+00  -2.5453614e+00
   3.4595491e-02   9.7860765e+00  -2.5455540e+00
   3.4598688e-02   9.7858839e+00  -2.5457466e+00
   3.4602110e-02   9.7856913e+00  -2.5459392e+00
