   4.0099921e-01   2.7160665e+00  -9.1204811e+00
   4.0099921e-01   2.7160665e+00  -9.1204811e+00
   4.0045851e-01   2.5406558e-01  -2.9808283e+00
   4.0045851e-01   2.5406558e-01  -2.9808283e+00
   4.0045851e-01   2.5406558e-01  -2.9808283e+00
   0.0000000e+00   1.4273465e-01  -7.9427301e+00
   0.0000000e+00   1.4273465e-01  -7.9427301e+00
   0.0000000e+00   7.7672111e-02  -4.0880233e+00
   0.0000000e+00   7.7672111e-02  -4.0880233e+00
   0.0000000e+00   7.7672111e-02  -4.0880233e+00
   0.0000000e+00   7.7672111e-02  -4.0880233e+00
